0000000000000000000000000000000000000001
0000000000010000000000001110100000000001
0000000000000000000000000000000000000001
0000001001101000000000001110100000000001
0000000000111010000000110010000000000001
0000000000110010000001000010001000000001
0000000000100010000000110011010000000001
0000000000011010000001000010001000000001
0000000000010010000000000010001000000001
0000000000001010000000010010001000000001
0000000000000010000000100010001000000001
0000000000000000000000000000000000000001
0000000000101000000000001110001000000001
0000000001000000000000001111001000000001
0000000001101010000010000010000000000001
0000000001100010000010010010001000000001
0000000001010010000010000011010000000001
0000000001001010000010010010001000000001
0000000000101010000001010010001000000001
0000000000100010000001100010001000000001
0000000000011010000001110010001000000001
0000000000000000000000000000000000000001
0000000001011000000000001110001000000001
0000000001110000000000001111001000000001
0000000010011010000011010010000000000001
0000000010010010000011100010001000000001
0000000010000010000011010011010000000001
0000000001111010000011100010001000000001
0000000001011010000010100010001000000001
0000000001010010000010110010001000000001
0000000001001010000011000010001000000001
0000000000000000000000000000000000000001
0000000010001000000000001110001000000001
0000000010100000000000001111001000000001
0000000011001010000100100010000000000001
0000000011000010000100110010001000000001
0000000010110010000100100011010000000001
0000000010101010000100110010001000000001
0000000010001010000011110010001000000001
0000000010000010000100000010001000000001
0000000001111010000100010010001000000001
0000000000000000000000000000000000000001
0000000010111000000000001110001000000001
0000000011010000000000001111001000000001
0000000011111010000101110010000000000001
0000000011110010000110000010001000000001
0000000011100010000101110011010000000001
0000000011011010000110000010001000000001
0000000010111010000101000010001000000001
0000000010110010000101010010001000000001
0000000010101010000101100010001000000001
0000000000000000000000000000000000000001
0000000011101000000000001110001000000001
0000000100000000000000001111001000000001
0000000100101010000111000010000000000001
0000000100100010000111010010001000000001
0000000100010010000111000011010000000001
0000000100001010000111010010001000000001
0000000011101010000110010010001000000001
0000000011100010000110100010001000000001
0000000011011010000110110010001000000001
0000000000000000000000000000000000000001
0000000100011000000000001110001000000001
0000000100110000000000001111001000000001
0000000101011010001000010010000000000001
0000000101010010001000100010001000000001
0000000101000010001000010011010000000001
0000000100111010001000100010001000000001
0000000100011010000111100010001000000001
0000000100010010000111110010001000000001
0000000100001010001000000010001000000001
0000000000000000000000000000000000000001
0000000101001000000000001110001000000001
0000000101100000000000001111001000000001
0000000110001010001001100010000000000001
0000000110000010001001110010001000000001
0000000101110010001001100011010000000001
0000000101101010001001110010001000000001
0000000101001010001000110010001000000001
0000000101000010001001000010001000000001
0000000100111010001001010010001000000001
0000000000000000000000000000000000000001
0000000101111000000000001110001000000001
0000000110010000000000001111001000000001
0000000110111010001010110010000000000001
0000000110110010001011000010001000000001
0000000110100010001010110011010000000001
0000000110011010001011000010001000000001
0000000101111010001010000010001000000001
0000000101110010001010010010001000000001
0000000101101010001010100010001000000001
0000000000000000000000000000000000000001
0000000110101000000000001110001000000001
0000000111000000000000001111001000000001
0000000111101010001100000010000000000001
0000000111100010001100010010001000000001
0000000111010010001100000011010000000001
0000000111001010001100010010001000000001
0000000110101010001011010010001000000001
0000000110100010001011100010001000000001
0000000110011010001011110010001000000001
0000000000000000000000000000000000000001
0000000111011000000000001110001000000001
0000000111110000000000001111001000000001
0000001000011010001101010010000000000001
0000001000010010001101100010001000000001
0000001000000010001101010011010000000001
0000000111111010001101100010001000000001
0000000111011010001100100010001000000001
0000000111010010001100110010001000000001
0000000111001010001101000010001000000001
0000000000000000000000000000000000000001
0000001000001000000000001110001000000001
0000001000100000000000001111001000000001
0000001001001010001110100010000000000001
0000001001000010001110110010001000000001
0000001000110010001110100011010000000001
0000001000101010001110110010001000000001
0000001000001010001101110010001000000001
0000001000000010001110000010001000000001
0000000111111010001110010010001000000001
0000000000000000000000000000000000000001
0000001000111000000000001110001000000001
0000001001010000000000001111001000000001
0000001010010010001111110010000000000001
0000001010001010010000000010001000000001
0000001001111010001111110011010000000001
0000001001110010010000000010001000000001
0000001001101010001111000010001000000001
0000001001100010001111010010001000000001
0000001001011010001111100010001000000001
0000000000000000000000000000000000000001
0000001010000000000000001110001000000001
0000001010011000000000001111001000000001
0000001011000010010001000010000000000001
0000001010111010010001010010001000000001
0000001010101010010001000011010000000001
0000001010100010010001010010001000000001
0000001010000010010000010010001000000001
0000001001111010010000100010001000000001
0000001001110010010000110010001000000001
0000000000000000000000000000000000000001
0000001010110000000000001110001000000001
0000001011001000000000001111001000000001
0000001011110010010010010010000000000001
0000001011101010010010100010001000000001
0000001011011010010010010011010000000001
0000001011010010010010100010001000000001
0000001010110010010001100010001000000001
0000001010101010010001110010001000000001
0000001010100010010010000010001000000001
0000000000000000000000000000000000000001
0000001011100000000000001110001000000001
0000001011111000000000001111001000000001
0000001100100010010011100010000000000001
0000001100011010010011110010001000000001
0000001100001010010011100011010000000001
0000001100000010010011110010001000000001
0000001011100010010010110010001000000001
0000001011011010010011000010001000000001
0000001011010010010011010010001000000001
0000000000000000000000000000000000000001
0000001100010000000000001110001000000001
0000001100101000000000001111001000000001
0000001101010010010100110010000000000001
0000001101001010010101000010001000000001
0000001100111010010100110011010000000001
0000001100110010010101000010001000000001
0000001100010010010100000010001000000001
0000001100001010010100010010001000000001
0000001100000010010100100010001000000001
0000000000000000000000000000000000000001
0000001101000000000000001110001000000001
0000001101011000000000001111001000000001
0000001110000010010110000010000000000001
0000001101111010010110010010001000000001
0000001101101010010110000011010000000001
0000001101100010010110010010001000000001
0000001101000010010101010010001000000001
0000001100111010010101100010001000000001
0000001100110010010101110010001000000001
0000000000000000000000000000000000000001
0000001101110000000000001110001000000001
0000001110001000000000001111001000000001
0000001110110010010111010010000000000001
0000001110101010010111100010001000000001
0000001110011010010111010011010000000001
0000001110010010010111100010001000000001
0000001101110010010110100010001000000001
0000001101101010010110110010001000000001
0000001101100010010111000010001000000001
0000000000000000000000000000000000000001
0000001110100000000000001110001000000001
0000001110111000000000001111001000000001
0000001111100010011000100010000000000001
0000001111011010011000110010001000000001
0000001111001010011000100011010000000001
0000001111000010011000110010001000000001
0000001110100010010111110010001000000001
0000001110011010011000000010001000000001
0000001110010010011000010010001000000001
0000000000000000000000000000000000000001
0000001111010000000000001110001000000001
0000001111101000000000001111001000000001
0000010000010010011001110010000000000001
0000010000001010011010000010001000000001
0000001111111010011001110011010000000001
0000001111110010011010000010001000000001
0000001111010010011001000010001000000001
0000001111001010011001010010001000000001
0000001111000010011001100010001000000001
0000000000000000000000000000000000000001
0000010000000000000000001110001000000001
0000010000011000000000001111001000000001
0000010001000010011011000010000000000001
0000010000111010011011010010001000000001
0000010000101010011011000011010000000001
0000010000100010011011010010001000000001
0000010000000010011010010010001000000001
0000001111111010011010100010001000000001
0000001111110010011010110010001000000001
0000000000000000000000000000000000000001
0000010000110000000000001110001000000001
0000010001001000000000001111001000000001
0000010001110010011100010010000000000001
0000010001101010011100100010001000000001
0000010001011010011100010011010000000001
0000010001010010011100100010001000000001
0000010000110010011011100010001000000001
0000010000101010011011110010001000000001
0000010000100010011100000010001000000001
0000000000000000000000000000000000000001
0000010001100000000000001110001000000001
0000010001111000000000001111001000000001
0000010010100010011101100010000000000001
0000010010011010011101110010001000000001
0000010010001010011101100011010000000001
0000010010000010011101110010001000000001
0000010001100010011100110010001000000001
0000010001011010011101000010001000000001
0000010001010010011101010010001000000001
0000000000000000000000000000000000000001
0000010010010000000000001110001000000001
0000010010101000000000001111001000000001
0000010011010010011110110010000000000001
0000010011001010011111000010001000000001
0000010010111010011110110011010000000001
0000010010110010011111000010001000000001
0000010010010010011110000010001000000001
0000010010001010011110010010001000000001
0000010010000010011110100010001000000001
0000000000000000000000000000000000000001
0000010011000000000000001110001000000001
0000010011011000000000001111001000000001
0000010100000010100000000010000000000001
0000010011111010100000010010001000000001
0000010011101010100000000011010000000001
0000010011100010100000010010001000000001
0000010011000010011111010010001000000001
0000010010111010011111100010001000000001
0000010010110010011111110010001000000001
0000000000000000000000000000000000000001
0000010011110000000000001110001000000001
0000010100001000000000001111001000000001
0000001000111001000010000010000000000001
0000011010011000000000001110001000000001
0000010100010010101100110010000000000001
0000010100011010101100100010001000000001
0000010100100010101100010010001000000001
0000010100101010101100000010001000000001
0000010100110010101011110010001000000001
0000010100111010101011100010001000000001
0000010101000010101011010010001000000001
0000010101001010101011000010001000000001
0000010101010010101010110010001000000001
0000010101011010101010100010001000000001
0000010101100010101010010010001000000001
0000010101101010101010000010001000000001
0000010101110010101001110010001000000001
0000010101111010101001100010001000000001
0000010110000010101001010010001000000001
0000010110001010101001000010001000000001
0000010110010010101000110010001000000001
0000010110011010101000100010001000000001
0000010110100010101000010010001000000001
0000010110101010101000000010001000000001
0000010110110010100111110010001000000001
0000010110111010100111100010001000000001
0000010111000010100111010010001000000001
0000010111001010100111000010001000000001
0000010111010010100110110010001000000001
0000010111011010100110100010001000000001
0000010111100010100110010010001000000001
0000010111101010100110000010001000000001
0000010111110010100101110010001000000001
0000010111111010100101100010001000000001
0000011000000010100101010010001000000001
0000011000001010100101000010001000000001
0000011000010010100100110010001000000001
0000011000011010100100100010001000000001
0000011000100010100100010010001000000001
0000011000101010100100000010001000000001
0000011000110010100011110010001000000001
0000011000111010100011100010001000000001
0000011001000010100011010010001000000001
0000011001001010100011000010001000000001
0000011001010010100010110010001000000001
0000011001011010100010100010001000000001
0000011001100010100010010010001000000001
0000011001101010100010000010001000000001
0000011001110010100001110010001000000001
0000011001111010100001100010001000000001
0000011010000010100001010010001000000001
0000011010001010100001000010001000000001
0000011010010010100000110010001000000001
0000011010011010100000100010001000000001
0000011010100000000000001110001000000001
0000010011110001000010000010000000000001
0000100000110000000000001110001000000001
0000011010101010101100110010000000000001
0000011010110010101100100010001000000001
0000011010111010101100010010001000000001
0000011011000010101100000010001000000001
0000011011001010101011110010001000000001
0000011011010010101011100010001000000001
0000011011011010101011010010001000000001
0000011011100010101011000010001000000001
0000011011101010101010110010001000000001
0000011011110010101010100010001000000001
0000011011111010101010010010001000000001
0000011100000010101010000010001000000001
0000011100001010101001110010001000000001
0000011100010010101001100010001000000001
0000011100011010101001010010001000000001
0000011100100010101001000010001000000001
0000011100101010101000110010001000000001
0000011100110010101000100010001000000001
0000011100111010101000010010001000000001
0000011101000010101000000010001000000001
0000011101001010100111110010001000000001
0000011101010010100111100010001000000001
0000011101011010100111010010001000000001
0000011101100010100111000010001000000001
0000011101101010100110110010001000000001
0000011101110010100110100010001000000001
0000011101111010100110010010001000000001
0000011110000010100110000010001000000001
0000011110001010100101110010001000000001
0000011110010010100101100010001000000001
0000011110011010100101010010001000000001
0000011110100010100101000010001000000001
0000011110101010100100110010001000000001
0000011110110010100100100010001000000001
0000011110111010100100010010001000000001
0000011111000010100100000010001000000001
0000011111001010100011110010001000000001
0000011111010010100011100010001000000001
0000011111011010100011010010001000000001
0000011111100010100011000010001000000001
0000011111101010100010110010001000000001
0000011111110010100010100010001000000001
0000011111111010100010010010001000000001
0000100000000010100010000010001000000001
0000100000001010100001110010001000000001
0000100000010010100001100010001000000001
0000100000011010100001010010001000000001
0000100000100010100001000010001000000001
0000100000101010100000110010001000000001
0000100000110010100000100010001000000001
0000100000111000000000001110001000000001
0000011010100010101101000010000000000001
0000000000000000000000000000000000000001
0000100001100000000000001110001000000001
0000100010001010101101110010000000000001
0000100010000010101110010010001000000001
0000100001110010101101110011010000000001
0000100001101010101110010010001000000001
0000100001100010101101010010001000000001
0000100001011010101101100010001000000001
0000100001010010101110000010001000000001
0000000000000000000000000000000000000001
0000100001111000000000001110001000000001
0000100010010000000000001111001000000001
0000100010111010101111000010000000000001
0000100010110010101111100010001000000001
0000100010100010101111000011010000000001
0000100010011010101111100010001000000001
0000100001111010101110100010001000000001
0000100001110010101110110010001000000001
0000100001101010101111010010001000000001
0000000000000000000000000000000000000001
0000100010101000000000001110001000000001
0000100001000000000000001110001000000001
0000100011000000000000001111001000000001
0000011010100001000010000010000000000001
0000000000000000000000000000000000000001
0000100011011000000000001110001000000001
0000100100000010110000010010000000000001
0000100011111010110000110010001000000001
0000100011101010110000010011010000000001
0000100011100010110000110010001000000001
0000100011011010101111110010001000000001
0000100011010010110000000010001000000001
0000100011001010110000100010001000000001
0000000000000000000000000000000000000001
0000100011110000000000001110001000000001
0000100100001000000000001111001000000001
0000100100110010110001100010000000000001
0000100100101010110010000010001000000001
0000100100011010110001100011010000000001
0000100100010010110010000010001000000001
0000100011110010110001000010001000000001
0000100011101010110001010010001000000001
0000100011100010110001110010001000000001
0000000000000000000000000000000000000001
0000100100100000000000001110001000000001
0000100001001000000000001110001000000001
0000100100111000000000001111001000000001
0000100000111010110010010010000000000001
0000000000000000000000000000000000000001
0000100101100000000000001110001000000001
0000100110001010110011000010000000000001
0000100110000010110011100010001000000001
0000100101110010110011000011010000000001
0000100101101010110011100010001000000001
0000100101100010110010100010001000000001
0000100101011010110010110010001000000001
0000100101010010110011010010001000000001
0000000000000000000000000000000000000001
0000100101111000000000001110001000000001
0000100110010000000000001111001000000001
0000100110111010110100010010000000000001
0000100110110010110100110010001000000001
0000100110100010110100010011010000000001
0000100110011010110100110010001000000001
0000100101111010110011110010001000000001
0000100101110010110100000010001000000001
0000100101101010110100100010001000000001
0000000000000000000000000000000000000001
0000100110101000000000001110001000000001
0000100101000000000000001110001000000001
0000100111000000000000001111001000000001
0000100000111001000010000010000000000001
0000000000000000000000000000000000000001
0000100111011000000000001110001000000001
0000101000000010110101100010000000000001
0000100111111010110110000010001000000001
0000100111101010110101100011010000000001
0000100111100010110110000010001000000001
0000100111011010110101000010001000000001
0000100111010010110101010010001000000001
0000100111001010110101110010001000000001
0000000000000000000000000000000000000001
0000100111110000000000001110001000000001
0000101000001000000000001111001000000001
0000101000110010110110110010000000000001
0000101000101010110111010010001000000001
0000101000011010110110110011010000000001
0000101000010010110111010010001000000001
0000100111110010110110010010001000000001
0000100111101010110110100010001000000001
0000100111100010110111000010001000000001
0000000000000000000000000000000000000001
0000101000100000000000001110001000000001
0000100101001000000000001110001000000001
0000101000111000000000001111001000000001
0000100001000010110111100010000000000001
0000101001000000000000001110001000000001
0000100101000010110111110010000000000001
0000101001001000000000001110001000000001
0000000000000010111000001010000000000001
0000101001011001000010000010000000000001
0000101001010000000000001110001000000001
0000100001001001000010000010000000000001
0000101001011000000000001110001010000001
0000000000000010111000011010000000000001
0000101010011001000010000010000000000001
0000101010010000000000001110001000000001
0000100101001001000010000010000000000001
0000101010011000000000001110001010000001
0000101001000001000010000010000000000001
1111111101101000000000000000001000000001
0000101001001001000010000010000000000001
1111111101111000000000000000001000000001
0000101001010010111000100010000000000001
0000101011010000000000001110001000000001
0000101010010010111000110010000000000001
0000101011011000000000001110001000000001
0000101011010001000010000010000000000001
1111111101110000000000000000001000000001
0000101011011001000010000010000000000001
1111111110000000000000000000001000000001
0000000000000000000000000000000000000001
0000000000000000000000000000000000000001
0000000000000000000000000000000000000001
0000000000000000000000000000000000000001
0000000000000000000000000000000000000001
0000000000000000000000000000000000000001
0000000000000000000000000000000000000001
0000000000000000000000000000000000000001
0000000000000000000000000000000000000001
0000000000000000000000000000000000000001
0000000000000000000000000000000000000001
0000000000000000000000000000000000000001
0000000000000000000000000000000000000001
0000000000000000000000000000000000000001
0000000000000000000000000000000000000001
0000000000000000000000000000000000000001
0000000000000000000000000000000000000001
0000000000000000000000000000000000000001
0000000000000000000000000000000000000001
0000000000000000000000000000000000000001
0000000000000000000000000000000000000001
0000000000000000000000000000000000000001
0000000000000000000000000000000000000001
0000000000000000000000000000000000000001
0000000000000000000000000000000000000001
0000000000000000000000000000000000000001
0000000000000000000000000000000000000001
0000000000000000000000000000000000000001
0000000000000000000000000000000000000001
0000000000000000000000000000000000000001
0000000000000000000000000000000000000001
0000000000000000000000000000000000000001
0000000000000000000000000000000000000001
0000000000000000000000000000000000000001
0000000000000000000000000000000000000001
0000000000000000000000000000000000000001
0000000000000000000000000000000000000001
0000000000000000000000000000000000000001
0000000000000000000000000000000000000001
0000000000000000000000000000000000000001
0000000000000000000000000000000000000001
0000000000000000000000000000000000000001
0000000000000000000000000000000000000001
0000000000000000000000000000000000000001
0000000000000000000000000000000000000001
0000000000000000000000000000000000000001
0000000000000000000000000000000000000001
0000000000000000000000000000000000000001
0000000000000000000000000000000000000001
0000000000000000000000000000000000000001
0000000000000000000000000000000000000001
0000000000000000000000000000000000000001
0000000000000000000000000000000000000001
0000000000000000000000000000000000000001
0000000000000000000000000000000000000001
0000000000000000000000000000000000000001
0000000000000000000000000000000000000001
0000000000000000000000000000000000000001
0000000000000000000000000000000000000001
0000000000000000000000000000000000000001
0000000000000000000000000000000000000001
0000000000000000000000000000000000000001
0000000000000000000000000000000000000001
0000000000000000000000000000000000000001
0000000000000000000000000000000000000001
0000000000000000000000000000000000000001
0000000000000000000000000000000000000001
0000000000000000000000000000000000000001
0000000000000000000000000000000000000001
0000000000000000000000000000000000000001
0000000000000000000000000000000000000001
0000000000000000000000000000000000000001
0000000000000000000000000000000000000001
0000000000000000000000000000000000000001
0000000000000000000000000000000000000001
0000000000000000000000000000000000000001
0000000000000000000000000000000000000001
0000000000000000000000000000000000000001
0000000000000000000000000000000000000001
0000000000000000000000000000000000000001
0000000000000000000000000000000000000001
0000000000000000000000000000000000000001
0000000000000000000000000000000000000001
0000000000000000000000000000000000000001
0000000000000000000000000000000000000001
0000000000000000000000000000000000000001
0000000000000000000000000000000000000001
0000000000000000000000000000000000000001
0000000000000000000000000000000000000001
0000000000000000000000000000000000000001
0000000000000000000000000000000000000001
0000000000000000000000000000000000000001
0000000000000000000000000000000000000001
0000000000000000000000000000000000000001
0000000000000000000000000000000000000001
0000000000000000000000000000000000000001
0000000000000000000000000000000000000001
0000000000000000000000000000000000000001
0000000000000000000000000000000000000001
0000000000000000000000000000000000000001
0000000000000000000000000000000000000001
0000000000000000000000000000000000000001
0000000000000000000000000000000000000001
0000000000000000000000000000000000000001
0000000000000000000000000000000000000001
0000000000000000000000000000000000000001
0000000000000000000000000000000000000001
0000000000000000000000000000000000000001
0000000000000000000000000000000000000001
0000000000000000000000000000000000000001
0000000000000000000000000000000000000001
0000000000000000000000000000000000000001
0000000000000000000000000000000000000001
0000000000000000000000000000000000000001
0000000000000000000000000000000000000001
0000000000000000000000000000000000000001
0000000000000000000000000000000000000001
0000000000000000000000000000000000000001
0000000000000000000000000000000000000001
0000000000000000000000000000000000000001
0000000000000000000000000000000000000001
0000000000000000000000000000000000000001
0000000000000000000000000000000000000001
0000000000000000000000000000000000000001
0000000000000000000000000000000000000001
0000000000000000000000000000000000000001
0000000000000000000000000000000000000001
0000000000000000000000000000000000000001
0000000000000000000000000000000000000001
0000000000000000000000000000000000000001
0000000000000000000000000000000000000001
0000000000000000000000000000000000000001
0000000000000000000000000000000000000001
0000000000000000000000000000000000000001
0000000000000000000000000000000000000001
0000000000000000000000000000000000000001
0000000000000000000000000000000000000001
0000000000000000000000000000000000000001
0000000000000000000000000000000000000001
0000000000000000000000000000000000000001
0000000000000000000000000000000000000001
0000000000000000000000000000000000000001
0000000000000000000000000000000000000001
0000000000000000000000000000000000000001
0000000000000000000000000000000000000001
0000000000000000000000000000000000000001
0000000000000000000000000000000000000001
0000000000000000000000000000000000000001
0000000000000000000000000000000000000001
0000000000000000000000000000000000000001
0000000000000000000000000000000000000001
0000000000000000000000000000000000000001
0000000000000000000000000000000000000001
0000000000000000000000000000000000000001
0000000000000000000000000000000000000001
0000000000000000000000000000000000000001
0000000000000000000000000000000000000001
0000000000000000000000000000000000000001
0000000000000000000000000000000000000001
0000000000000000000000000000000000000001
0000000000000000000000000000000000000001
0000000000000000000000000000000000000001
0000000000000000000000000000000000000001
0000000000000000000000000000000000000001
0000000000000000000000000000000000000001
0000000000000000000000000000000000000001
0000000000000000000000000000000000000001
0000000000000000000000000000000000000001
0000000000000000000000000000000000000001
0000000000000000000000000000000000000001
0000000000000000000000000000000000000001
0000000000000000000000000000000000000001
0000000000000000000000000000000000000001
0000000000000000000000000000000000000001
0000000000000000000000000000000000000001
0000000000000000000000000000000000000001
0000000000000000000000000000000000000001
0000000000000000000000000000000000000001
0000000000000000000000000000000000000001
0000000000000000000000000000000000000001
0000000000000000000000000000000000000001
0000000000000000000000000000000000000001
0000000000000000000000000000000000000001
0000000000000000000000000000000000000001
0000000000000000000000000000000000000001
0000000000000000000000000000000000000001
0000000000000000000000000000000000000001
0000000000000000000000000000000000000001
0000000000000000000000000000000000000001
0000000000000000000000000000000000000001
0000000000000000000000000000000000000001
0000000000000000000000000000000000000001
0000000000000000000000000000000000000001
0000000000000000000000000000000000000001
0000000000000000000000000000000000000001
0000000000000000000000000000000000000001
0000000000000000000000000000000000000001
0000000000000000000000000000000000000001
0000000000000000000000000000000000000001
0000000000000000000000000000000000000001
0000000000000000000000000000000000000001
0000000000000000000000000000000000000001
0000000000000000000000000000000000000001
0000000000000000000000000000000000000001
0000000000000000000000000000000000000001
0000000000000000000000000000000000000001
0000000000000000000000000000000000000001
0000000000000000000000000000000000000001
0000000000000000000000000000000000000001
0000000000000000000000000000000000000001
0000000000000000000000000000000000000001
0000000000000000000000000000000000000001
0000000000000000000000000000000000000001
0000000000000000000000000000000000000001
0000000000000000000000000000000000000001
0000000000000000000000000000000000000001
0000000000000000000000000000000000000001
0000000000000000000000000000000000000001
0000000000000000000000000000000000000001
0000000000000000000000000000000000000001
0000000000000000000000000000000000000001
0000000000000000000000000000000000000001
0000000000000000000000000000000000000001
0000000000000000000000000000000000000001
0000000000000000000000000000000000000001
0000000000000000000000000000000000000001
0000000000000000000000000000000000000001
0000000000000000000000000000000000000001
0000000000000000000000000000000000000001
0000000000000000000000000000000000000001
0000000000000000000000000000000000000001
0000000000000000000000000000000000000001
0000000000000000000000000000000000000001
0000000000000000000000000000000000000001
0000000000000000000000000000000000000001
0000000000000000000000000000000000000001
0000000000000000000000000000000000000001
0000000000000000000000000000000000000001
0000000000000000000000000000000000000001
0000000000000000000000000000000000000001
0000000000000000000000000000000000000001
0000000000000000000000000000000000000001
0000000000000000000000000000000000000001
0000000000000000000000000000000000000001
0000000000000000000000000000000000000001
0000000000000000000000000000000000000001
0000000000000000000000000000000000000001
0000000000000000000000000000000000000001
0000000000000000000000000000000000000001
0000000000000000000000000000000000000001
0000000000000000000000000000000000000001
0000000000000000000000000000000000000001
0000000000000000000000000000000000000001
0000000000000000000000000000000000000001
0000000000000000000000000000000000000001
0000000000000000000000000000000000000001
0000000000000000000000000000000000000001
0000000000000000000000000000000000000001
0000000000000000000000000000000000000001
0000000000000000000000000000000000000001
0000000000000000000000000000000000000001
0000000000000000000000000000000000000001
0000000000000000000000000000000000000001
0000000000000000000000000000000000000001
0000000000000000000000000000000000000001
0000000000000000000000000000000000000001
0000000000000000000000000000000000000001
0000000000000000000000000000000000000001
0000000000000000000000000000000000000001
0000000000000000000000000000000000000001
0000000000000000000000000000000000000001
0000000000000000000000000000000000000001
0000000000000000000000000000000000000001
0000000000000000000000000000000000000001
0000000000000000000000000000000000000001
0000000000000000000000000000000000000001
0000000000000000000000000000000000000001
0000000000000000000000000000000000000001
0000000000000000000000000000000000000001
0000000000000000000000000000000000000001
0000000000000000000000000000000000000001
0000000000000000000000000000000000000001
0000000000000000000000000000000000000001
0000000000000000000000000000000000000001
0000000000000000000000000000000000000001
0000000000000000000000000000000000000001
0000000000000000000000000000000000000001
0000000000000000000000000000000000000001
0000000000000000000000000000000000000001
0000000000000000000000000000000000000001
0000000000000000000000000000000000000001
0000000000000000000000000000000000000001
0000000000000000000000000000000000000001
0000000000000000000000000000000000000001
0000000000000000000000000000000000000001
0000000000000000000000000000000000000001
0000000000000000000000000000000000000001
0000000000000000000000000000000000000001
0000000000000000000000000000000000000001
0000000000000000000000000000000000000001
0000000000000000000000000000000000000001
0000000000000000000000000000000000000001
0000000000000000000000000000000000000001
0000000000000000000000000000000000000001
0000000000000000000000000000000000000001
0000000000000000000000000000000000000001
0000000000000000000000000000000000000001
0000000000000000000000000000000000000001
0000000000000000000000000000000000000001
0000000000000000000000000000000000000001
0000000000000000000000000000000000000001
0000000000000000000000000000000000000001
0000000000000000000000000000000000000001
0000000000000000000000000000000000000001
0000000000000000000000000000000000000001
0000000000000000000000000000000000000001
0000000000000000000000000000000000000001
0000000000000000000000000000000000000001
0000000000000000000000000000000000000001
0000000000000000000000000000000000000001
0000000000000000000000000000000000000001
0000000000000000000000000000000000000001
0000000000000000000000000000000000000001
0000000000000000000000000000000000000001
0000000000000000000000000000000000000001
0000000000000000000000000000000000000001
0000000000000000000000000000000000000001
0000000000000000000000000000000000000001
0000000000000000000000000000000000000001
0000000000000000000000000000000000000001
0000000000000000000000000000000000000001
0000000000000000000000000000000000000001
0000000000000000000000000000000000000001
0000000000000000000000000000000000000001
0000000000000000000000000000000000000001
0000000000000000000000000000000000000001
0000000000000000000000000000000000000001
0000000000000000000000000000000000000001
0000000000000000000000000000000000000001
0000000000000000000000000000000000000001
0000000000000000000000000000000000000001
0000000000000000000000000000000000000001
0000000000000000000000000000000000000001
0000000000000000000000000000000000000001
0000000000000000000000000000000000000001
0000000000000000000000000000000000000001
0000000000000000000000000000000000000001
0000000000000000000000000000000000000001
0000000000000000000000000000000000000001
0000000000000000000000000000000000000001
0000000000000000000000000000000000000001
0000000000000000000000000000000000000001
0000000000000000000000000000000000000001
0000000000000000000000000000000000000001
0000000000000000000000000000000000000001
0000000000000000000000000000000000000001
0000000000000000000000000000000000000001
0000000000000000000000000000000000000001
0000000000000000000000000000000000000001
0000000000000000000000000000000000000001
0000000000000000000000000000000000000001
0000000000000000000000000000000000000001
0000000000000000000000000000000000000001
0000000000000000000000000000000000000001
0000000000000000000000000000000000000001
0000000000000000000000000000000000000001
0000000000000000000000000000000000000001
0000000000000000000000000000000000000001
0000000000000000000000000000000000000001
0000000000000000000000000000000000000001
0000000000000000000000000000000000000001
0000000000000000000000000000000000000001
0000000000000000000000000000000000000001
0000000000000000000000000000000000000001
0000000000000000000000000000000000000001
0000000000000000000000000000000000000001
0000000000000000000000000000000000000001
0000000000000000000000000000000000000001
0000000000000000000000000000000000000001
0000000000000000000000000000000000000001
0000000000000000000000000000000000000001
0000000000000000000000000000000000000001
0000000000000000000000000000000000000001
0000000000000000000000000000000000000001
0000000000000000000000000000000000000001
0000000000000000000000000000000000000001
0000000000000000000000000000000000000001
0000000000000000000000000000000000000001
0000000000000000000000000000000000000001
0000000000000000000000000000000000000001
0000000000000000000000000000000000000001
0000000000000000000000000000000000000001
0000000000000000000000000000000000000001
0000000000000000000000000000000000000001
0000000000000000000000000000000000000001
0000000000000000000000000000000000000001
0000000000000000000000000000000000000001
0000000000000000000000000000000000000001
0000000000000000000000000000000000000001
0000000000000000000000000000000000000001
0000000000000000000000000000000000000001
0000000000000000000000000000000000000001
0000000000000000000000000000000000000001
0000000000000000000000000000000000000001
0000000000000000000000000000000000000001
0000000000000000000000000000000000000001
0000000000000000000000000000000000000001
0000000000000000000000000000000000000001
0000000000000000000000000000000000000001
0000000000000000000000000000000000000001
0000000000000000000000000000000000000001
0000000000000000000000000000000000000001
0000000000000000000000000000000000000001
0000000000000000000000000000000000000001
0000000000000000000000000000000000000001
0000000000000000000000000000000000000001
0000000000000000000000000000000000000001
0000000000000000000000000000000000000001
0000000000000000000000000000000000000001
0000000000000000000000000000000000000001
0000000000000000000000000000000000000001
0000000000000000000000000000000000000001
0000000000000000000000000000000000000001
0000000000000000000000000000000000000001
0000000000000000000000000000000000000001
0000000000000000000000000000000000000001
0000000000000000000000000000000000000001
0000000000000000000000000000000000000001
0000000000000000000000000000000000000001
0000000000000000000000000000000000000001
0000000000000000000000000000000000000001
0000000000000000000000000000000000000001
0000000000000000000000000000000000000001
0000000000000000000000000000000000000001
0000000000000000000000000000000000000001
0000000000000000000000000000000000000001
0000000000000000000000000000000000000001
0000000000000000000000000000000000000001
0000000000000000000000000000000000000001
0000000000000000000000000000000000000001
0000000000000000000000000000000000000001
0000000000000000000000000000000000000001
0000000000000000000000000000000000000001
0000000000000000000000000000000000000001
0000000000000000000000000000000000000001
0000000000000000000000000000000000000001
0000000000000000000000000000000000000001
0000000000000000000000000000000000000001
0000000000000000000000000000000000000001
0000000000000000000000000000000000000001
0000000000000000000000000000000000000001
0000000000000000000000000000000000000001
0000000000000000000000000000000000000001
0000000000000000000000000000000000000001
0000000000000000000000000000000000000001
0000000000000000000000000000000000000001
0000000000000000000000000000000000000001
0000000000000000000000000000000000000001
0000000000000000000000000000000000000001
0000000000000000000000000000000000000001
0000000000000000000000000000000000000001
0000000000000000000000000000000000000001
0000000000000000000000000000000000000001
0000000000000000000000000000000000000001
0000000000000000000000000000000000000001
0000000000000000000000000000000000000001
0000000000000000000000000000000000000001
0000000000000000000000000000000000000001
0000000000000000000000000000000000000001
0000000000000000000000000000000000000001
0000000000000000000000000000000000000001
0000000000000000000000000000000000000001
0000000000000000000000000000000000000001
0000000000000000000000000000000000000001
0000000000000000000000000000000000000001
0000000000000000000000000000000000000001
0000000000000000000000000000000000000001
0000000000000000000000000000000000000001
0000000000000000000000000000000000000001
0000000000000000000000000000000000000001
0000000000000000000000000000000000000001
0000000000000000000000000000000000000001
0000000000000000000000000000000000000001
0000000000000000000000000000000000000001
0000000000000000000000000000000000000001
0000000000000000000000000000000000000001
0000000000000000000000000000000000000001
0000000000000000000000000000000000000001
0000000000000000000000000000000000000001
0000000000000000000000000000000000000001
0000000000000000000000000000000000000001
0000000000000000000000000000000000000001
0000000000000000000000000000000000000001
0000000000000000000000000000000000000001
0000000000000000000000000000000000000001
0000000000000000000000000000000000000001
0000000000000000000000000000000000000001
0000000000000000000000000000000000000001
0000000000000000000000000000000000000001
0000000000000000000000000000000000000001
0000000000000000000000000000000000000001
0000000000000000000000000000000000000001
0000000000000000000000000000000000000001
0000000000000000000000000000000000000001
0000000000000000000000000000000000000001
0000000000000000000000000000000000000001
0000000000000000000000000000000000000001
0000000000000000000000000000000000000001
0000000000000000000000000000000000000001
0000000000000000000000000000000000000001
0000000000000000000000000000000000000001
0000000000000000000000000000000000000001
0000000000000000000000000000000000000001
0000000000000000000000000000000000000001
0000000000000000000000000000000000000001
0000000000000000000000000000000000000001
0000000000000000000000000000000000000001
0000000000000000000000000000000000000001
0000000000000000000000000000000000000001
0000000000000000000000000000000000000001
0000000000000000000000000000000000000001
0000000000000000000000000000000000000001
0000000000000000000000000000000000000001
0000000000000000000000000000000000000001
0000000000000000000000000000000000000001
0000000000000000000000000000000000000001
0000000000000000000000000000000000000001
0000000000000000000000000000000000000001
0000000000000000000000000000000000000001
0000000000000000000000000000000000000001
0000000000000000000000000000000000000001
0000000000000000000000000000000000000001
