0
0
-0.000025839797466486
-0.000155454721948724
-0.000482787596947129
-0.00108786989830086
-0.00198265488063663
-0.00304903195845622
-0.00394735425132914
-0.00405387291695751
-0.00237135668374814
0.00243792667760025
0.0120451386668032
0.0281551627399941
0.0522828944474554
0.0849710099598758
0.125322816486256
0.169568117153801
0.210698934840844
0.236336254901361
0.229794789603356
0.166843489538993
0.0226602078664746
-0.239509335417177
-0.614213031628362
0.572794993571397
-0.0179427996540729
-0.0065473669682575
-0.00761050698894534
-0.00509229048293506
-0.0038491257049851
-0.00215218974893893
-0.00110392432794281
-0.000197587086605301
0.000241342484057577
0.000479613812706447
0.000455323701999611
0.000346928052268187
0.000168940648869835
0.000024574154322311
-0.0000793562313060961
-0.000111306610082993
-0.000094516873325866
-0.0000440206184670754
0.00000614901529573115
0.0000366332494537629
0.0000365126675193521
0.0000150312388157066
-0.00000305924324044976
0
